0.0012810230255126953
0.0014460086822509766
0.0011659860610961914
0.0013130903244018555
0.0010620355606079102
0.0012810230255126953
0.0010459423065185547
0.0011839866638183594
0.0011290311813354492
0.001194000244140625
0.0013190507888793945
0.0012559890747070312
0.0012810230255126953
0.0014460086822509766
0.0011659860610961914
0.0013130903244018555
0.0010620355606079102
0.0012810230255126953
0.0010459423065185547
0.0011839866638183594
0.0011290311813354492
0.001194000244140625
0.0013190507888793945
0.0012559890747070312

0.001187540610631307
