0.008776068687438965
0.007891058921813965
0.010040044784545898
0.007417082786560059
0.008478999137878418
0.00861203670501709
0.007896900177001953
0.007914900779724121
0.00810694694519043
0.011199116706848145
0.008791923522949219
0.007130026817321777
0.008776068687438965
0.007891058921813965
0.010040044784545898
0.007417082786560059
0.008478999137878418
0.00861203670501709
0.007896900177001953
0.007914900779724121
0.00810694694519043
0.011199116706848145
0.008791923522949219
0.007130026817321777

0.008265501737594605
