0.0022569894790649414
0.0021851062774658203
0.002187013626098633
0.0030889511108398438
0.0020329952239990234
0.0015360116958618164
0.0022200345993041992
0.0022360086441040042
0.0020120143890380866
0.0017199516296386719
0.002200007438659668
0.0022569894790649414
0.0021851062774658203
0.002187013626098633
0.0030889511108398438
0.0020329952239990234
0.0015360116958618164
0.0022200345993041992
0.0022360086441040042
0.0020120143890380866
0.0017199516296386719
0.002200007438659668


0.002164857756615594
