
0.0009560585021972656
0.0022569894790649414
0.0010819435119628906
0.0021851062774658203
0.0014290809631347656
0.002187013626098633
0.0010889768600463867
0.0030889511108398438
0.0012600421905517578
0.0020329952239990234
0.0011059045791625977
0.0015360116958618164
0.0005859136581420898
0.0022200345993041992
0.0011910200119018555
0.002236008644104004
0.0009459257125854492
0.002012014389038086
0.0012639760971069336
0.0017199516296386719
0.0010620355606079102
0.002200007438659668
0.005180001258850098
0.019706010818481445
0.0031800270080566406
0.0026170015335083008
0.002786993980407715
0.004044055938720703
0.002720952033996582
0.0015660524368286133
0.0015399456024169922
0.0014420747756958008
0.0030869245529174805
0.001837015151977539
0.0007990598678588867
0.001819014549255371
0.001345992088317871
0.0022820234298706055
